Pronosticos Estrellas NumerosAcertados Premio
5	3	5+2	1	,1;
5	3	5+2	2	,2;
5	3	5+1	2	,2;
5	3	5+1	3	,1;
5	3	5	3	,3;
5	3	4+2	4	,1;	
5	3	4+2	5	,2;
5	3	4+1	5	,2;
5	3	4+1	6	,1;
5	3	4	6	,3;
5	3	3+2	7	,1;
5	3	3+2	9	,2;
5	3	2+2	8	,1;
5	3	2+2	12	,2;
5	3	3+1	9	,2;
5	3	3+1	10	,1;
5	3	3	10	,3;
5	3	1+2	11	,1;
5	3	2+1	12	,2;
5	3	2+1	13	,1;
5	3	2	13	,2;           

5	4	5+2	1	,1;
5	4	5+2	2	,4;
5	4	5+2	3	,1;
5	4	5+1	2	,3;
5	4	5+1	3	,3;
5	4	5	3	,6;
5	4	4+2	4	,1;	
5	4	4+2	5	,4;
5	4	4+2	6	,1;
5	4	4+1	5	,3;
5	4	4+1	6	,3;
5	4	4	6	,6;
5	4	3+2	7	,1;
5	4	3+2	9	,4;
5	4	3+2	10	,1;
5	4	2+2	8	,1;
5	4	2+2	12	,4;
5	4	2+2	13	,1;
5	4	3+1	9	,3;
5	4	3+1	10	,3;
5	4	3	10	,6;
5	4	1+2	11	,1;
5	4	2+1	12	,3;
5	4	2+1	13	,3;
5	4	2	13	,6;           

5	5	5+2	1	,1;
5	5	5+2	2	,6;
5	5	5+2	3	,3;
5	5	5+1	2	,4;
5	5	5+1	3	,6;
5	5	5	3	,10;
5	5	4+2	4	,1;	
5	5	4+2	5	,6;
5	5	4+2	6	,3;
5	5	4+1	5	,4;
5	5	4+1	6	,6;
5	5	4	6	,10;
5	5	3+2	7	,1;
5	5	3+2	9	,6;
5	5	3+2	10	,3;
5	5	2+2	8	,1;
5	5	2+2	12	,6;
5	5	2+2	13	,3;
5	5	3+1	9	,4;
5	5	3+1	10	,6;
5	5	3	10	,10;
5	5	1+2	11	,1;
5	5	2+1	12	,4;
5	5	2+1	13	,6;
5	5	2	13	,10;           
